Price,Close,High,Low,Open,Volume
Ticker,S,S,S,S,S
Date,,,,,
2021-06-30,42.5,46.5,41.11000061035156,46.0,20587300
2021-07-01,40.040000915527344,44.75,39.939998626708984,44.279998779296875,6293400
2021-07-02,44.59000015258789,45.20000076293945,41.33000183105469,42.11000061035156,4635000
2021-07-06,49.5,50.59000015258789,45.529998779296875,45.810001373291016,7135800
2021-07-07,51.4900016784668,54.04999923706055,49.79999923706055,52.97999954223633,7092800
2021-07-08,50.0,50.97999954223633,45.25,50.0,3722200
2021-07-09,49.2400016784668,51.79999923706055,48.25,51.380001068115234,1495700
2021-07-12,50.58000183105469,51.16999816894531,48.40999984741211,50.5,1445000
2021-07-13,49.0099983215332,51.040000915527344,47.33000183105469,50.630001068115234,1468000
2021-07-14,46.0,50.13999938964844,44.9900016784668,49.0099983215332,2561600
2021-07-15,43.400001525878906,47.2400016784668,42.79999923706055,47.060001373291016,1686000
2021-07-16,44.150001525878906,47.349998474121094,43.209999084472656,43.5,1608500
2021-07-19,47.0,47.81999969482422,43.02000045776367,43.90999984741211,1757400
2021-07-20,47.45000076293945,47.75,45.26300048828125,47.2400016784668,988400
2021-07-21,47.099998474121094,49.310001373291016,46.54999923706055,47.45000076293945,931600
2021-07-22,47.77000045776367,48.70000076293945,45.82099914550781,46.349998474121094,1011600
2021-07-23,46.560001373291016,49.20000076293945,46.060001373291016,48.09000015258789,753000
2021-07-26,49.5,50.380001068115234,47.720001220703125,48.4900016784668,1793300
2021-07-27,47.599998474121094,50.029998779296875,46.66999816894531,49.75,1003700
2021-07-28,49.810001373291016,50.869998931884766,48.0,48.0,1288300
2021-07-29,50.560001373291016,51.7400016784668,49.67399978637695,50.400001525878906,1066900
2021-07-30,49.310001373291016,55.290000915527344,48.59000015258789,50.0,2361100
2021-08-02,51.970001220703125,53.029998779296875,50.17100143432617,50.70000076293945,1174800
2021-08-03,51.869998931884766,53.5,51.369998931884766,52.119998931884766,1271300
2021-08-04,50.060001373291016,51.959999084472656,49.630001068115234,51.5,1232300
2021-08-05,52.5,52.70000076293945,49.75,50.0,1421000
2021-08-06,50.88999938964844,53.09000015258789,50.354000091552734,52.529998779296875,921900
2021-08-09,50.61000061035156,51.959999084472656,49.70000076293945,51.08000183105469,730600
2021-08-10,49.310001373291016,51.25,49.0099983215332,50.59000015258789,1040600
2021-08-11,46.63999938964844,49.125,46.56999969482422,49.0099983215332,1371700
2021-08-12,49.68000030517578,50.33000183105469,46.650001525878906,47.099998474121094,929800
2021-08-13,50.36000061035156,50.95000076293945,48.8849983215332,49.68000030517578,580500
2021-08-16,49.349998474121094,50.279998779296875,47.540000915527344,49.4900016784668,887200
2021-08-17,47.02000045776367,48.5,46.25,48.5,1319000
2021-08-18,48.70000076293945,49.779998779296875,47.2400016784668,47.2400016784668,608800
2021-08-19,50.36000061035156,51.5,47.779998779296875,47.9900016784668,925300
2021-08-20,51.290000915527344,51.36000061035156,49.130001068115234,50.0099983215332,706900
2021-08-23,53.130001068115234,56.0,51.20000076293945,51.20000076293945,2008800
2021-08-24,56.70000076293945,59.119998931884766,54.5,54.970001220703125,2206100
2021-08-25,59.38999938964844,60.11000061035156,55.86000061035156,57.70000076293945,1341000
2021-08-26,61.0099983215332,64.02999877929688,59.459999084472656,59.63999938964844,2035000
2021-08-27,64.9000015258789,66.0,62.349998474121094,62.5,1705900
2021-08-30,65.19000244140625,66.66000366210938,64.18000030517578,65.02999877929688,1432900
2021-08-31,63.93000030517578,65.55999755859375,63.83000183105469,64.7300033569336,1420300
2021-09-01,67.26000213623047,68.69999694824219,63.310001373291016,63.43000030517578,1806200
2021-09-02,64.77999877929688,68.7699966430664,64.33599853515625,68.61000061035156,1420500
2021-09-03,69.04000091552734,69.4219970703125,64.63999938964844,64.68000030517578,1372600
2021-09-07,71.01000213623047,73.47000122070312,69.4800033569336,69.4800033569336,2958200
2021-09-08,68.23999786376953,70.6500015258789,65.51000213623047,70.18000030517578,4258500
2021-09-09,66.04000091552734,72.94999694824219,62.040000915527344,69.11000061035156,5642500
2021-09-10,63.75,68.0,62.0099983215332,67.0,3897800
2021-09-13,61.0,64.44000244140625,58.52000045776367,64.18000030517578,3800100
2021-09-14,62.099998474121094,62.887001037597656,61.09000015258789,61.5,1969700
2021-09-15,67.51000213623047,67.55000305175781,61.349998474121094,61.5,2537600
2021-09-16,72.75,72.76000213623047,66.76000213623047,67.05999755859375,3405600
2021-09-17,69.25,72.4000015258789,66.80999755859375,71.69999694824219,7317900
2021-09-20,63.880001068115234,66.66000366210938,62.0,64.0,3454600
2021-09-21,64.16000366210938,65.19000244140625,61.79999923706055,64.80999755859375,3106900
2021-09-22,64.36000061035156,65.5199966430664,62.5,64.62000274658203,1983500
2021-09-23,60.869998931884766,65.0,60.099998474121094,64.52999877929688,3075000
2021-09-24,61.060001373291016,62.34000015258789,60.0,60.0099983215332,1886000
2021-09-27,57.099998474121094,60.53499984741211,56.40999984741211,60.04999923706055,3273900
2021-09-28,55.650001525878906,56.959999084472656,53.849998474121094,55.380001068115234,11096600
2021-09-29,54.380001068115234,58.77000045776367,54.380001068115234,55.79999923706055,5155900
2021-09-30,53.56999969482422,56.279998779296875,52.959999084472656,55.15999984741211,3183500
2021-10-01,55.2400016784668,55.900001525878906,52.09000015258789,54.029998779296875,2991500
2021-10-04,51.369998931884766,55.494998931884766,50.58000183105469,55.31999969482422,2839900
2021-10-05,51.349998474121094,53.880001068115234,50.9900016784668,51.5,1721500
2021-10-06,53.4900016784668,53.939998626708984,50.49100112915039,50.5,2454300
2021-10-07,56.7599983215332,59.0,54.29999923706055,54.5099983215332,2475800
2021-10-08,54.650001525878906,57.939998626708984,54.650001525878906,57.31999969482422,1310100
2021-10-11,52.38999938964844,54.939998626708984,52.150001525878906,54.029998779296875,1199600
2021-10-12,54.939998626708984,56.4900016784668,52.81999969482422,53.560001373291016,1784200
2021-10-13,59.060001373291016,59.75,55.279998779296875,55.279998779296875,1873100
2021-10-14,60.0,62.939998626708984,59.380001068115234,61.060001373291016,1808600
2021-10-15,59.58000183105469,61.119998931884766,58.20000076293945,61.04999923706055,936800
2021-10-18,62.63999938964844,63.65999984741211,59.58000183105469,59.61000061035156,1328400
2021-10-19,62.4900016784668,64.9800033569336,61.2599983215332,63.61000061035156,1472300
2021-10-20,62.560001373291016,63.79999923706055,61.22999954223633,63.0,839100
2021-10-21,65.76000213623047,67.95999908447266,62.5,62.779998779296875,1483900
2021-10-22,63.790000915527344,66.2699966430664,63.0099983215332,66.12999725341797,982100
2021-10-25,65.26000213623047,66.5,63.189998626708984,64.06999969482422,942500
2021-10-26,66.0,67.77999877929688,63.81999969482422,66.36000061035156,1263800
2021-10-27,63.790000915527344,68.5,63.5099983215332,66.11000061035156,1096200
2021-10-28,64.01000213623047,64.7979965209961,61.810001373291016,63.70000076293945,1077400
2021-10-29,66.4000015258789,67.25,63.900001525878906,64.0,1010600
2021-11-01,66.97000122070312,67.19999694824219,63.689998626708984,66.68000030517578,1169000
2021-11-02,64.2300033569336,70.66999816894531,62.7599983215332,67.0,1627400
2021-11-03,65.83000183105469,66.30000305175781,63.25,64.13999938964844,782300
2021-11-04,69.2699966430664,69.87999725341797,65.30999755859375,65.79000091552734,1671600
2021-11-05,66.91000366210938,69.5,63.880001068115234,69.5,2038300
2021-11-08,69.88999938964844,70.29900360107422,66.47000122070312,66.77999877929688,1662600
2021-11-09,74.87000274658203,75.48999786376953,68.61000061035156,70.5199966430664,3345700
2021-11-10,70.72000122070312,74.38999938964844,68.5,72.58000183105469,2741600
2021-11-11,73.1500015258789,74.08999633789062,71.51000213623047,72.16999816894531,1069000
2021-11-12,76.30000305175781,78.52999877929688,74.34700012207031,74.37000274658203,1927600
2021-11-15,71.55000305175781,78.27999877929688,71.1500015258789,76.87000274658203,1775300
2021-11-16,74.69000244140625,75.5199966430664,71.77999877929688,72.0,1301800
2021-11-17,73.70999908447266,75.125,71.36000061035156,75.0,884800
2021-11-18,72.12999725341797,74.87999725341797,70.12999725341797,74.54000091552734,1062100
2021-11-19,70.30000305175781,75.5,70.06999969482422,72.87000274658203,1299400
2021-11-22,64.02999877929688,70.80000305175781,62.150001525878906,70.62999725341797,2783500
2021-11-23,58.2599983215332,65.58999633789062,58.0099983215332,63.0099983215332,3863900
2021-11-24,58.439998626708984,59.720001220703125,55.650001525878906,57.560001373291016,3608100
2021-11-26,57.630001068115234,59.9900016784668,56.59000015258789,57.790000915527344,1309400
2021-11-29,58.06999969482422,59.439998626708984,55.64699935913086,59.0,2324800
2021-11-30,53.970001220703125,59.540000915527344,52.5,58.0,3574800
2021-12-01,48.56999969482422,55.972999572753906,48.400001525878906,55.41999816894531,3032500
2021-12-02,50.040000915527344,52.047000885009766,46.779998779296875,49.0099983215332,5120700
2021-12-03,46.22999954223633,50.5,44.10200119018555,50.15999984741211,3756700
2021-12-06,45.0099983215332,46.869998931884766,43.0,46.220001220703125,3111200
2021-12-07,51.040000915527344,52.400001525878906,47.380001068115234,47.43000030517578,7505000
2021-12-08,48.599998474121094,49.369998931884766,43.040000915527344,45.099998474121094,12237300
2021-12-09,48.11000061035156,48.880001068115234,46.2599983215332,46.72999954223633,13924400
2021-12-10,50.29999923706055,50.45000076293945,47.5099983215332,47.900001525878906,8192200
2021-12-13,47.15999984741211,50.34000015258789,46.720001220703125,49.5,8528400
2021-12-14,46.470001220703125,47.11000061035156,44.709999084472656,45.0,5718300
2021-12-15,50.09000015258789,50.54999923706055,45.88999938964844,46.81999969482422,5823400
2021-12-16,47.369998931884766,51.5,46.54999923706055,50.08000183105469,5246600
2021-12-17,47.970001220703125,48.470001220703125,43.31999969482422,45.619998931884766,6576800
2021-12-20,49.150001525878906,49.61000061035156,45.650001525878906,46.58000183105469,3433400
2021-12-21,50.29999923706055,51.08000183105469,47.66999816894531,49.5,3430300
2021-12-22,51.689998626708984,52.810001373291016,49.709999084472656,50.11000061035156,3632800
2021-12-23,51.599998474121094,52.52000045776367,48.939998626708984,51.970001220703125,2544000
2021-12-27,53.20000076293945,53.970001220703125,51.61000061035156,52.0,1991300
2021-12-28,52.220001220703125,53.54999923706055,51.13999938964844,53.29999923706055,1493600
2021-12-29,50.630001068115234,52.16999816894531,49.130001068115234,51.9900016784668,2061300
2021-12-30,52.310001373291016,53.290000915527344,49.880001068115234,50.540000915527344,1753600
2021-12-31,50.4900016784668,53.150001525878906,50.25,52.04999923706055,2399900
2022-01-03,47.619998931884766,52.290000915527344,46.66999816894531,52.0,6302600
2022-01-04,46.560001373291016,47.75,44.5099983215332,47.220001220703125,3665400
2022-01-05,43.61000061035156,47.0,43.349998474121094,46.029998779296875,3919700
2022-01-06,43.34000015258789,44.999000549316406,41.41999816894531,42.86000061035156,5350800
2022-01-07,44.33000183105469,45.439998626708984,42.63600158691406,43.459999084472656,3526200
2022-01-10,45.869998931884766,46.099998474121094,40.7400016784668,42.7599983215332,5173700
2022-01-11,48.880001068115234,49.029998779296875,44.0,44.540000915527344,3459800
2022-01-12,46.9900016784668,50.10599899291992,46.849998474121094,49.150001525878906,3777400
2022-01-13,42.209999084472656,47.400001525878906,41.84000015258789,47.119998931884766,4409100
2022-01-14,42.68000030517578,43.20800018310547,41.25,41.970001220703125,3177500
2022-01-18,41.20000076293945,43.47999954223633,40.84000015258789,41.650001525878906,3003300
2022-01-19,41.380001068115234,43.0,40.650001525878906,41.04999923706055,2282200
2022-01-20,41.84000015258789,44.79999923706055,41.720001220703125,42.560001373291016,4032900
2022-01-21,40.11000061035156,42.47999954223633,39.790000915527344,41.22999954223633,6309600
2022-01-24,41.4900016784668,41.60499954223633,35.900001525878906,38.47999954223633,5315800
2022-01-25,39.2599983215332,41.29999923706055,37.5,39.5099983215332,3828500
2022-01-26,39.93000030517578,44.79999923706055,39.599998474121094,40.93000030517578,4692200
2022-01-27,38.439998626708984,41.6870002746582,38.33000183105469,41.380001068115234,2321900
2022-01-28,40.540000915527344,40.66999816894531,36.599998474121094,38.83000183105469,2582400
2022-01-31,44.75,44.95000076293945,41.5,41.880001068115234,2669000
2022-02-01,46.88999938964844,46.939998626708984,43.27000045776367,44.959999084472656,2418700
2022-02-02,43.88999938964844,46.27000045776367,43.220001220703125,45.40999984741211,2763100
2022-02-03,40.900001525878906,43.209999084472656,40.900001525878906,41.810001373291016,2384600
2022-02-04,42.849998474121094,43.619998931884766,40.900001525878906,41.43000030517578,2050600
2022-02-07,43.66999816894531,46.189998626708984,42.95000076293945,43.0,2263900
2022-02-08,43.34000015258789,44.029998779296875,41.75,42.369998931884766,4225800
2022-02-09,46.560001373291016,46.98500061035156,43.65999984741211,43.70000076293945,3963700
2022-02-10,46.43000030517578,48.459999084472656,42.810001373291016,43.790000915527344,4671900
2022-02-11,45.08000183105469,47.16999816894531,44.41999816894531,46.369998931884766,2786000
2022-02-14,44.20000076293945,46.0,43.040000915527344,44.06999969482422,2666300
2022-02-15,45.9900016784668,46.02000045776367,43.349998474121094,44.5,3353200
2022-02-16,44.880001068115234,46.13999938964844,44.04999923706055,46.04999923706055,2540700
2022-02-17,41.2599983215332,44.630001068115234,41.0099983215332,44.099998474121094,2891200
2022-02-18,38.9900016784668,42.2400016784668,38.58000183105469,41.5,7466500
2022-02-22,37.5099983215332,40.220001220703125,37.334999084472656,38.529998779296875,2618600
2022-02-23,34.09000015258789,38.150001525878906,34.029998779296875,35.81999969482422,6661500
2022-02-24,39.130001068115234,39.41999816894531,31.829999923706055,32.09000015258789,7522800
2022-02-25,38.81999969482422,40.16999816894531,37.54999923706055,38.099998474121094,4027500
2022-02-28,41.5,42.220001220703125,38.77000045776367,39.56999969482422,4542500
2022-03-01,42.02000045776367,44.7400016784668,41.869998931884766,42.41999816894531,4256700
2022-03-02,42.77000045776367,43.02000045776367,40.12900161743164,42.189998626708984,3438900
2022-03-03,41.04999923706055,42.29999923706055,39.41999816894531,42.09000015258789,3747000
2022-03-04,36.7400016784668,39.79999923706055,36.27000045776367,39.0,5617100
2022-03-07,33.91999816894531,38.58000183105469,33.68000030517578,37.5,4542300
2022-03-08,32.290000915527344,34.52000045776367,32.099998474121094,34.0,5336600
2022-03-09,34.63999938964844,35.029998779296875,32.16999816894531,32.72999954223633,6544600
2022-03-10,35.2400016784668,36.150001525878906,33.88999938964844,34.75,5604500
2022-03-11,32.90999984741211,35.279998779296875,32.61000061035156,34.41999816894531,4710700
2022-03-14,29.549999237060547,33.72999954223633,29.299999237060547,32.95000076293945,9201500
2022-03-15,30.889999389648438,31.75,29.670000076293945,30.510000228881836,9695000
2022-03-16,35.04999923706055,36.83000183105469,30.770000457763672,30.770000457763672,14845600
2022-03-17,37.66999816894531,38.0,33.58000183105469,33.58000183105469,8896900
2022-03-18,40.56999969482422,40.66999816894531,36.91999816894531,37.09000015258789,27709100
2022-03-21,38.47999954223633,40.29999923706055,37.82699966430664,39.119998931884766,6007700
2022-03-22,41.27000045776367,42.099998474121094,38.599998474121094,39.560001373291016,5099400
2022-03-23,41.70000076293945,42.29499816894531,39.15999984741211,40.20000076293945,3761700
2022-03-24,42.380001068115234,42.79999923706055,40.33000183105469,41.439998626708984,2425600
2022-03-25,40.47999954223633,42.84000015258789,39.040000915527344,42.84000015258789,3178500
2022-03-28,40.459999084472656,41.529998779296875,39.558998107910156,40.540000915527344,2118100
2022-03-29,40.779998779296875,41.150001525878906,38.2599983215332,40.15999984741211,4468300
2022-03-30,38.869998931884766,41.0,38.54999923706055,40.40999984741211,2945700
2022-03-31,38.7400016784668,40.529998779296875,37.939998626708984,38.93000030517578,2021000
2022-04-01,38.880001068115234,39.40999984741211,38.099998474121094,38.810001373291016,2396600
2022-04-04,41.540000915527344,41.68000030517578,39.060001373291016,39.380001068115234,4644200
2022-04-05,38.220001220703125,41.54999923706055,37.650001525878906,41.540000915527344,4318300
2022-04-06,35.45000076293945,37.43000030517578,34.560001373291016,37.40999984741211,4714400
2022-04-07,35.279998779296875,36.95399856567383,34.7400016784668,35.75,3409500
2022-04-08,34.02000045776367,35.150001525878906,33.91999816894531,35.06999969482422,3546000
2022-04-11,34.04999923706055,34.90999984741211,32.790000915527344,33.27000045776367,5572000
2022-04-12,34.040000915527344,35.97999954223633,33.97999954223633,34.84000015258789,3573500
2022-04-13,38.349998474121094,38.56999969482422,33.70000076293945,34.040000915527344,4263900
2022-04-14,37.119998931884766,37.95000076293945,36.7400016784668,37.599998474121094,2810500
2022-04-18,36.4900016784668,37.790000915527344,35.779998779296875,37.0,2951400
2022-04-19,37.93000030517578,38.310001373291016,35.72999954223633,36.400001525878906,1903800
2022-04-20,36.22999954223633,38.290000915527344,35.61000061035156,38.189998626708984,2824900
2022-04-21,33.529998779296875,37.36000061035156,33.185001373291016,36.5,3517000
2022-04-22,32.68000030517578,34.5,32.560001373291016,33.79999923706055,2448200
2022-04-25,35.380001068115234,35.63999938964844,31.961000442504883,32.06999969482422,4191800
2022-04-26,34.11000061035156,35.34000015258789,33.72999954223633,34.83000183105469,2925200
2022-04-27,33.29999923706055,35.32500076293945,32.68000030517578,34.130001068115234,3210600
2022-04-28,34.93000030517578,35.459999084472656,32.54999923706055,33.34000015258789,1851200
2022-04-29,33.27000045776367,36.5,33.119998931884766,34.970001220703125,1535600
2022-05-02,33.790000915527344,33.970001220703125,32.334999084472656,32.9900016784668,1592200
2022-05-03,32.470001220703125,34.75,31.950000762939453,33.27000045776367,1956000
2022-05-04,32.79999923706055,32.97999954223633,29.559999465942383,32.56999969482422,3924200
2022-05-05,29.290000915527344,32.31999969482422,28.954999923706055,31.8799991607666,2666000
2022-05-06,26.110000610351562,28.610000610351562,25.459999084472656,28.610000610351562,5066700
2022-05-09,21.940000534057617,25.5,21.59000015258789,25.209999084472656,5917300
2022-05-10,21.709999084472656,24.0,20.6299991607666,22.829999923706055,5161500
2022-05-11,19.639999389648438,22.34000015258789,19.56999969482422,21.389999389648438,4201900
2022-05-12,21.510000228881836,23.479999542236328,18.639999389648438,18.8700008392334,5864800
2022-05-13,24.049999237060547,26.694000244140625,22.219999313354492,22.219999313354492,9404600
2022-05-16,22.420000076293945,24.25,22.09000015258789,23.079999923706055,3254200
2022-05-17,22.959999084472656,23.959999084472656,21.25,23.09000015258789,2436400
2022-05-18,21.59000015258789,22.84000015258789,21.059999465942383,22.5,2455400
2022-05-19,23.489999771118164,24.190000534057617,21.6299991607666,21.639999389648438,3098500
2022-05-20,24.770000457763672,25.43000030517578,23.200000762939453,24.489999771118164,3981700
2022-05-23,24.040000915527344,24.90999984741211,23.299999237060547,24.079999923706055,2263900
2022-05-24,22.09000015258789,23.559999465942383,21.75,23.479999542236328,2305100
2022-05-25,23.6200008392334,23.790000915527344,22.15999984741211,22.15999984741211,2784500
2022-05-26,24.75,25.450000762939453,23.010000228881836,23.09000015258789,2680700
2022-05-27,26.969999313354492,27.18000030517578,25.0,25.0,3079700
2022-05-31,23.790000915527344,27.260000228881836,23.729999542236328,26.989999771118164,4954600
2022-06-01,24.639999389648438,25.260000228881836,23.399999618530273,24.100000381469727,5263000
2022-06-02,25.18000030517578,26.299999237060547,23.100000381469727,23.149999618530273,7157900
2022-06-03,23.90999984741211,24.850000381469727,23.4950008392334,24.850000381469727,4899700
2022-06-06,23.06999969482422,24.739999771118164,22.719999313354492,24.209999084472656,4406100
2022-06-07,24.25,24.700000762939453,22.690000534057617,22.799999237060547,3323900
2022-06-08,25.690000534057617,26.219999313354492,24.600000381469727,24.670000076293945,4042500
2022-06-09,24.40999984741211,26.1200008392334,24.229999542236328,25.15999984741211,3156900
2022-06-10,22.530000686645508,23.959999084472656,22.030000686645508,23.610000610351562,3696100
2022-06-13,21.139999389648438,21.799999237060547,20.030000686645508,21.389999389648438,6031100
2022-06-14,21.799999237060547,22.700000762939453,20.924999237060547,21.510000228881836,3858700
2022-06-15,22.100000381469727,23.020000457763672,21.329999923706055,22.059999465942383,6240400
2022-06-16,21.739999771118164,22.149999618530273,20.84000015258789,21.1200008392334,6713100
2022-06-17,23.270000457763672,23.440000534057617,21.65999984741211,21.850000381469727,13620100
2022-06-21,23.65999984741211,25.170000076293945,23.149999618530273,23.65999984741211,4873900
2022-06-22,23.329999923706055,24.260000228881836,22.885000228881836,22.920000076293945,3986100
2022-06-23,25.600000381469727,25.770000457763672,23.299999237060547,23.610000610351562,4455100
2022-06-24,26.489999771118164,26.649999618530273,25.219999313354492,25.600000381469727,13502200
2022-06-27,25.3799991607666,26.670000076293945,24.860000610351562,26.489999771118164,3657100
2022-06-28,24.719999313354492,25.840999603271484,24.329999923706055,25.25,3482700
2022-06-29,24.649999618530273,25.040000915527344,24.167999267578125,24.59000015258789,2170800
2022-06-30,23.329999923706055,24.389999389648438,23.030000686645508,24.389999389648438,3273600
2022-07-01,23.479999542236328,24.34000015258789,22.889999389648438,23.5,2377500
2022-07-05,25.190000534057617,25.25,22.600000381469727,23.1299991607666,3367200
2022-07-06,25.100000381469727,26.020000457763672,24.530000686645508,25.489999771118164,2439200
2022-07-07,26.190000534057617,26.2450008392334,24.940000534057617,25.010000228881836,2916200
2022-07-08,26.809999465942383,27.7189998626709,25.309999465942383,25.700000762939453,3022100
2022-07-11,26.280000686645508,28.0,25.540000915527344,27.40999984741211,3820100
2022-07-12,23.809999465942383,27.420000076293945,23.649999618530273,26.34000015258789,4236400
2022-07-13,23.799999237060547,24.260000228881836,22.5,23.010000228881836,3654200
2022-07-14,22.489999771118164,23.8799991607666,22.440000534057617,23.510000228881836,3335200
2022-07-15,23.84000015258789,23.860000610351562,22.690000534057617,22.969999313354492,6863600
2022-07-18,24.520000457763672,25.415000915527344,24.329999923706055,24.479999542236328,3609100
2022-07-19,25.020000457763672,25.229999542236328,24.18000030517578,24.829999923706055,2392000
2022-07-20,26.25,26.540000915527344,24.950000762939453,25.079999923706055,2232900
2022-07-21,26.479999542236328,26.56999969482422,25.385000228881836,26.0,1557100
2022-07-22,25.559999465942383,27.25,24.860000610351562,26.5,1666800
2022-07-25,24.6299991607666,25.3700008392334,24.280000686645508,25.3700008392334,1600000
2022-07-26,23.010000228881836,24.610000610351562,22.690000534057617,24.559999465942383,1921000
2022-07-27,24.530000686645508,24.68000030517578,23.469999313354492,23.739999771118164,1617400
2022-07-28,25.09000015258789,25.260000228881836,23.889999389648438,24.5,2055200
2022-07-29,24.850000381469727,25.399999618530273,24.329999923706055,25.09000015258789,1671800
2022-08-01,24.809999465942383,25.530000686645508,23.84000015258789,24.3700008392334,1704500
2022-08-02,25.200000762939453,25.709999084472656,24.450000762939453,24.469999313354492,2610600
2022-08-03,27.100000381469727,27.229999542236328,25.600000381469727,25.75,2667800
2022-08-04,26.260000228881836,27.040000915527344,25.649999618530273,26.84000015258789,2315100
2022-08-05,26.360000610351562,26.729999542236328,25.329999923706055,25.610000610351562,2112700
2022-08-08,27.260000228881836,28.479999542236328,26.399999618530273,26.450000762939453,3306900
2022-08-09,25.110000610351562,26.979999542236328,25.05500030517578,26.799999237060547,1958500
2022-08-10,28.110000610351562,28.170000076293945,26.6200008392334,26.6200008392334,3083500
2022-08-11,27.260000228881836,29.1200008392334,27.190000534057617,28.989999771118164,2516700
2022-08-12,28.040000915527344,28.06999969482422,26.899999618530273,27.520000457763672,1636500
2022-08-15,28.899999618530273,28.93000030517578,27.31999969482422,27.5,1963100
2022-08-16,28.6200008392334,29.84600067138672,27.799999237060547,29.200000762939453,3052700
2022-08-17,27.739999771118164,28.190000534057617,27.010000228881836,28.149999618530273,2191100
2022-08-18,27.829999923706055,28.260000228881836,27.110000610351562,27.56999969482422,1243500
2022-08-19,26.3799991607666,27.59000015258789,26.079999923706055,27.489999771118164,1951500
2022-08-22,26.209999084472656,26.260000228881836,25.378999710083008,25.920000076293945,2061200
2022-08-23,27.780000686645508,28.65999984741211,26.93400001525879,27.0,2627000
2022-08-24,28.399999618530273,29.094999313354492,27.5,27.700000762939453,2286100
2022-08-25,28.809999465942383,29.469999313354492,28.079999923706055,28.899999618530273,2656600
2022-08-26,27.760000228881836,28.829999923706055,27.5,28.760000228881836,1683700
2022-08-29,27.920000076293945,28.219999313354492,27.299999237060547,27.360000610351562,2418700
2022-08-30,27.8700008392334,28.760000228881836,27.299999237060547,28.25,2376400
2022-08-31,27.309999465942383,30.0,27.15999984741211,28.299999237060547,5900800
2022-09-01,25.700000762939453,27.889999389648438,23.600000381469727,27.790000915527344,8440000
2022-09-02,25.290000915527344,26.59000015258789,24.899999618530273,26.389999389648438,3970200
2022-09-06,25.0,25.68000030517578,24.510000228881836,25.399999618530273,2156000
2022-09-07,25.700000762939453,25.979999542236328,24.610000610351562,24.93000030517578,1973400
2022-09-08,26.6299991607666,26.989999771118164,25.309999465942383,25.31999969482422,2318400
2022-09-09,28.049999237060547,28.6299991607666,27.1200008392334,27.1200008392334,3106800
2022-09-12,29.329999923706055,29.440000534057617,28.329999923706055,28.389999389648438,2729000
2022-09-13,27.739999771118164,28.0,26.850000381469727,26.860000610351562,3164800
2022-09-14,28.010000228881836,28.200000762939453,27.156999588012695,27.690000534057617,2391800
2022-09-15,27.860000610351562,28.6299991607666,27.459999084472656,27.690000534057617,1964800
2022-09-16,26.469999313354492,27.110000610351562,26.110000610351562,27.059999465942383,6118200
2022-09-19,27.479999542236328,27.584999084472656,26.049999237060547,26.329999923706055,1699600
2022-09-20,26.950000762939453,27.700000762939453,26.665000915527344,27.219999313354492,1524400
2022-09-21,26.739999771118164,27.94499969482422,26.600000381469727,27.1200008392334,2010700
2022-09-22,24.889999389648438,26.989999771118164,24.860000610351562,26.549999237060547,2548300
2022-09-23,24.790000915527344,24.950000762939453,24.079999923706055,24.389999389648438,1680300
2022-09-26,25.270000457763672,25.8700008392334,24.700000762939453,24.700000762939453,1900500
2022-09-27,25.760000228881836,26.75,25.31999969482422,26.0,2178000
2022-09-28,26.530000686645508,26.65999984741211,25.600000381469727,25.739999771118164,1724800
2022-09-29,26.010000228881836,26.121999740600586,24.899999618530273,25.8799991607666,1884900
2022-09-30,25.559999465942383,26.6200008392334,25.270000457763672,25.899999618530273,2573900
2022-10-03,26.030000686645508,26.350000381469727,25.059999465942383,25.700000762939453,2586500
2022-10-04,27.6299991607666,28.139999389648438,26.780000686645508,26.829999923706055,2975600
2022-10-05,27.690000534057617,27.860000610351562,26.6299991607666,26.920000076293945,1698400
2022-10-06,27.68000030517578,28.59000015258789,27.520000457763672,27.549999237060547,1776100
2022-10-07,26.540000915527344,27.270000457763672,26.110000610351562,26.989999771118164,2024500
2022-10-10,24.09000015258789,26.700000762939453,23.670000076293945,26.489999771118164,3577900
2022-10-11,23.100000381469727,24.155000686645508,21.81999969482422,24.030000686645508,5859700
2022-10-12,22.450000762939453,23.209999084472656,21.809999465942383,23.100000381469727,3730700
2022-10-13,21.780000686645508,22.128999710083008,20.40999984741211,21.350000381469727,4646200
2022-10-14,20.719999313354492,22.440000534057617,20.290000915527344,22.200000762939453,3270600
2022-10-17,22.530000686645508,22.68000030517578,21.299999237060547,21.299999237060547,3920300
2022-10-18,22.93000030517578,23.770000457763672,22.59000015258789,23.510000228881836,2537000
2022-10-19,21.649999618530273,22.68000030517578,21.485000610351562,22.469999313354492,2220100
2022-10-20,22.68000030517578,23.139999389648438,21.799999237060547,21.799999237060547,2738400
2022-10-21,22.639999389648438,23.18000030517578,21.979999542236328,22.5,4148800
2022-10-24,22.360000610351562,22.719999313354492,21.81999969482422,22.5,1979600
2022-10-25,23.709999084472656,23.864999771118164,22.639999389648438,22.639999389648438,2293600
2022-10-26,23.579999923706055,24.719999313354492,22.43000030517578,22.989999771118164,2457100
2022-10-27,23.290000915527344,24.360000610351562,22.94099998474121,23.829999923706055,1846200
2022-10-28,23.420000076293945,23.700000762939453,22.670000076293945,23.049999237060547,2001500
2022-10-31,22.84000015258789,23.59000015258789,22.729999542236328,23.1299991607666,2291800
2022-11-01,22.200000762939453,24.200000762939453,22.200000762939453,23.190000534057617,1967900
2022-11-02,20.850000381469727,22.22599983215332,20.600000381469727,22.149999618530273,3500500
2022-11-03,19.979999542236328,21.1200008392334,19.8799991607666,20.59000015258789,4839500
2022-11-04,17.639999389648438,20.280000686645508,17.190000534057617,20.270000457763672,5978100
2022-11-07,16.639999389648438,17.940000534057617,16.010000228881836,17.780000686645508,6291300
2022-11-08,16.989999771118164,17.829999923706055,16.450000762939453,16.75,4496800
2022-11-09,15.460000038146973,16.600000381469727,15.430000305175781,16.530000686645508,4913800
2022-11-10,17.799999237060547,18.389999389648438,16.940000534057617,17.1299991607666,7001900
2022-11-11,19.049999237060547,19.690000534057617,17.65999984741211,17.799999237060547,6237600
2022-11-14,18.219999313354492,19.0,17.780000686645508,18.8799991607666,5228700
2022-11-15,19.299999237060547,19.799999237060547,18.780000686645508,19.299999237060547,5658800
2022-11-16,17.43000030517578,19.049999237060547,17.21500015258789,18.790000915527344,4419900
2022-11-17,16.90999984741211,17.510000228881836,16.649999618530273,16.959999084472656,3436200
2022-11-18,16.639999389648438,17.709999084472656,16.600000381469727,17.709999084472656,2326900
2022-11-21,16.18000030517578,16.584999084472656,15.979999542236328,16.3700008392334,2101500
2022-11-22,16.329999923706055,16.344999313354492,15.600000381469727,16.0,2731000
2022-11-23,16.479999542236328,16.770000457763672,16.010000228881836,16.350000381469727,2099300
2022-11-25,16.31999969482422,16.469999313354492,16.18000030517578,16.309999465942383,789300
2022-11-28,16.059999465942383,16.239999771118164,15.75,16.09000015258789,2641400
2022-11-29,15.449999809265137,16.190000534057617,15.350000381469727,16.020000457763672,2786600
2022-11-30,14.5,14.630000114440918,13.270000457763672,14.289999961853027,10345300
2022-12-01,15.029999732971191,15.680000305175781,14.585000038146973,14.619999885559082,5568000
2022-12-02,14.779999732971191,14.800000190734863,14.15999984741211,14.489999771118164,5192400
2022-12-05,14.25,14.979999542236328,14.050000190734863,14.619999885559082,5769000
2022-12-06,14.100000381469727,14.579999923706055,13.744999885559082,14.25,7330000
2022-12-07,13.970000267028809,14.640000343322754,12.800000190734863,14.010000228881836,8643500
2022-12-08,15.239999771118164,15.460000038146973,13.779999732971191,14.020000457763672,8132700
2022-12-09,15.369999885559082,15.770000457763672,15.100000381469727,15.100000381469727,3679500
2022-12-12,15.880000114440918,16.100000381469727,15.371000289916992,15.380000114440918,5474700
2022-12-13,15.630000114440918,17.34000015258789,15.319999694824219,17.079999923706055,5116600
2022-12-14,15.029999732971191,15.904999732971191,14.90999984741211,15.609999656677246,4081000
2022-12-15,14.4399995803833,15.270000457763672,14.265000343322754,14.699999809265137,4555400
2022-12-16,13.979999542236328,14.65999984741211,13.829999923706055,14.399999618530273,7973500
2022-12-19,13.170000076293945,13.8100004196167,13.029999732971191,13.8100004196167,3645700
2022-12-20,13.670000076293945,13.729999542236328,12.880000114440918,12.989999771118164,4563200
2022-12-21,13.619999885559082,13.899999618530273,13.229999542236328,13.75,2984800
2022-12-22,13.4399995803833,13.520000457763672,13.010000228881836,13.34000015258789,2348300
2022-12-23,13.270000457763672,13.390000343322754,12.859999656677246,13.350000381469727,2094300
2022-12-27,13.079999923706055,13.265000343322754,12.779999732971191,13.09000015258789,4165800
2022-12-28,13.229999542236328,13.329999923706055,12.90999984741211,13.079999923706055,3084300
2022-12-29,14.359999656677246,14.449999809265137,13.350000381469727,13.5,3509200
2022-12-30,14.59000015258789,14.6899995803833,14.020000457763672,14.020000457763672,2717300
2023-01-03,14.569999694824219,15.399999618530273,14.529999732971191,15.010000228881836,6335000
2023-01-04,14.989999771118164,15.069999694824219,14.119999885559082,14.859999656677246,6131700
2023-01-05,13.260000228881836,14.5600004196167,13.024999618530273,14.550000190734863,5835800
2023-01-06,13.279999732971191,13.529999732971191,12.6899995803833,13.289999961853027,4148400
2023-01-09,13.640000343322754,14.319999694824219,13.420000076293945,13.520000457763672,4277200
2023-01-10,14.25,14.289999961853027,13.164999961853027,13.460000038146973,5765100
2023-01-11,14.390000343322754,14.5600004196167,14.074999809265137,14.430000305175781,3551700
2023-01-12,14.199999809265137,14.220000267028809,13.109999656677246,13.289999961853027,7638300
2023-01-13,14.319999694824219,14.579999923706055,14.079999923706055,14.210000038146973,3934200
2023-01-17,14.510000228881836,14.725000381469727,13.734999656677246,14.319999694824219,7228200
2023-01-18,14.010000228881836,15.204999923706055,13.989999771118164,14.600000381469727,5523800
2023-01-19,13.8100004196167,14.149999618530273,13.489999771118164,13.789999961853027,4415500
2023-01-20,14.380000114440918,14.65999984741211,13.819999694824219,13.970000267028809,9246300
2023-01-23,14.819999694824219,14.9399995803833,13.975000381469727,14.199999809265137,4246200
2023-01-24,14.5,15.619999885559082,14.395000457763672,14.949999809265137,4430100
2023-01-25,14.380000114440918,14.4350004196167,13.687999725341797,13.979999542236328,3932900
2023-01-26,14.520000457763672,15.079999923706055,14.114999771118164,14.829999923706055,3313500
2023-01-27,15.020000457763672,15.229999542236328,14.350000381469727,14.380000114440918,4925800
2023-01-30,14.59000015258789,14.970000267028809,14.420000076293945,14.880000114440918,4497900
2023-01-31,15.09000015258789,15.109999656677246,14.399999618530273,14.710000038146973,8411900
2023-02-01,15.819999694824219,16.0049991607666,14.880000114440918,15.09000015258789,6179700
2023-02-02,16.739999771118164,17.360000610351562,16.100000381469727,16.5,8258100
2023-02-03,15.710000038146973,16.55699920654297,15.694999694824219,15.979999542236328,5079000
2023-02-06,15.069999694824219,15.75,15.050000190734863,15.399999618530273,4617700
2023-02-07,16.06999969482422,16.170000076293945,14.779999732971191,15.119999885559082,4926100
2023-02-08,15.75,16.579999923706055,15.65999984741211,16.309999465942383,2650100
2023-02-09,15.949999809265137,16.440000534057617,15.899999618530273,16.030000686645508,3210800
2023-02-10,15.25,15.708999633789062,15.055000305175781,15.65999984741211,4669500
2023-02-13,15.529999732971191,16.033000946044922,15.34000015258789,15.40999984741211,3991900
2023-02-14,16.649999618530273,16.704999923706055,15.010000228881836,15.270000457763672,4694600
2023-02-15,17.229999542236328,17.260000228881836,16.479999542236328,16.639999389648438,4395500
2023-02-16,16.399999618530273,16.770000457763672,16.270000457763672,16.739999771118164,3418900
2023-02-17,15.9399995803833,16.290000915527344,15.569999694824219,16.290000915527344,4379000
2023-02-21,15.319999694824219,15.75,15.109999656677246,15.319999694824219,4286200
2023-02-22,15.779999732971191,15.970000267028809,15.420000076293945,15.5600004196167,3852100
2023-02-23,15.84000015258789,16.18000030517578,15.319999694824219,16.010000228881836,2559000
2023-02-24,15.460000038146973,15.670000076293945,15.239999771118164,15.430000305175781,4124300
2023-02-27,15.739999771118164,16.075000762939453,15.625,15.65999984741211,3038500
2023-02-28,15.989999771118164,16.209999084472656,15.75,15.75,8755700
2023-03-01,15.319999694824219,16.15999984741211,15.170000076293945,15.989999771118164,4082900
2023-03-02,15.65999984741211,15.779999732971191,15.0600004196167,15.109999656677246,4666600
2023-03-03,16.450000762939453,16.489999771118164,15.710000038146973,15.819999694824219,4992400
2023-03-06,16.149999618530273,16.6200008392334,15.859999656677246,16.440000534057617,5190500
2023-03-07,15.609999656677246,16.476999282836914,15.539999961853027,16.139999389648438,5626200
2023-03-08,15.520000457763672,15.90999984741211,15.09000015258789,15.90999984741211,10092600
2023-03-09,14.59000015258789,15.609999656677246,14.460000038146973,15.369999885559082,6645600
2023-03-10,13.90999984741211,14.59000015258789,13.710000038146973,14.479999542236328,12191500
2023-03-13,13.960000038146973,14.25,13.244999885559082,13.760000228881836,9927100
2023-03-14,14.470000267028809,14.489999771118164,13.800000190734863,14.020000457763672,12823400
2023-03-15,15.539999961853027,16.239999771118164,15.199999809265137,15.5,15607000
2023-03-16,15.220000267028809,15.770000457763672,15.130000114440918,15.649999618530273,8483400
2023-03-17,15.069999694824219,15.5600004196167,14.880000114440918,15.170000076293945,9041600
2023-03-20,14.699999809265137,14.84000015258789,14.359999656677246,14.65999984741211,5879100
2023-03-21,14.970000267028809,15.0649995803833,14.664999961853027,14.779999732971191,5858600
2023-03-22,14.289999961853027,15.029999732971191,14.289999961853027,14.960000038146973,6489800
2023-03-23,15.069999694824219,15.109999656677246,14.4399995803833,14.4399995803833,5281100
2023-03-24,14.640000343322754,15.324999809265137,14.614999771118164,15.069999694824219,3937100
2023-03-27,15.1899995803833,15.305000305175781,14.609999656677246,14.800000190734863,5743900
2023-03-28,14.800000190734863,15.454999923706055,14.71500015258789,15.170000076293945,4882900
2023-03-29,14.890000343322754,15.149999618530273,14.65999984741211,14.949999809265137,4669200
2023-03-30,15.260000228881836,15.289999961853027,14.982999801635742,15.149999618530273,3670400
2023-03-31,16.360000610351562,16.6200008392334,15.234999656677246,15.34000015258789,7831200
2023-04-03,16.469999313354492,16.579999923706055,16.049999237060547,16.110000610351562,5901200
2023-04-04,16.8700008392334,17.165000915527344,16.459999084472656,16.6200008392334,9942600
2023-04-05,16.270000457763672,17.020000457763672,15.779999732971191,16.739999771118164,7969000
2023-04-06,16.649999618530273,16.71500015258789,15.8100004196167,16.020000457763672,8628600
2023-04-10,16.420000076293945,16.4950008392334,15.729999542236328,16.34000015258789,5773800
2023-04-11,16.510000228881836,16.799999237060547,16.084999084472656,16.420000076293945,4241800
2023-04-12,17.010000228881836,17.31999969482422,16.593000411987305,16.93000030517578,5077300
2023-04-13,17.540000915527344,17.920000076293945,17.229999542236328,17.299999237060547,11241100
2023-04-14,17.8700008392334,17.959999084472656,17.209999084472656,17.489999771118164,4839600
2023-04-17,17.670000076293945,18.1299991607666,17.485000610351562,17.90999984741211,4915800
2023-04-18,17.8700008392334,18.329999923706055,17.709999084472656,17.959999084472656,3873500
2023-04-19,17.56999969482422,17.75,17.190000534057617,17.559999465942383,4318400
2023-04-20,17.899999618530273,18.014999389648438,17.139999389648438,17.25,6600100
2023-04-21,18.579999923706055,18.9950008392334,17.850000381469727,18.06999969482422,8897200
2023-04-24,17.479999542236328,18.719999313354492,17.405000686645508,18.719999313354492,7333700
2023-04-25,16.579999923706055,17.170000076293945,16.440000534057617,17.0,7029200
2023-04-26,16.780000686645508,17.3700008392334,16.684999465942383,16.989999771118164,3965500
2023-04-27,17.040000915527344,17.280000686645508,16.610000610351562,17.149999618530273,5710000
2023-04-28,16.06999969482422,16.700000762939453,15.664999961853027,16.549999237060547,6900600
2023-05-01,16.40999984741211,16.510000228881836,15.802000045776367,15.90999984741211,8944100
2023-05-02,15.729999542236328,16.389999389648438,15.404999732971191,16.209999084472656,5571200
2023-05-03,15.520000457763672,15.949999809265137,15.289999961853027,15.760000228881836,8977900
2023-05-04,15.84000015258789,15.949999809265137,15.479999542236328,15.720000267028809,6094300
2023-05-05,16.889999389648438,16.979999542236328,15.930000305175781,15.970000267028809,6953700
2023-05-08,17.479999542236328,17.709999084472656,17.18000030517578,17.25,7133800
2023-05-09,17.420000076293945,17.854999542236328,17.239999771118164,17.280000686645508,7397700
2023-05-10,17.950000762939453,18.200000762939453,17.59000015258789,17.709999084472656,5815200
2023-05-11,18.209999084472656,18.225000381469727,17.719999313354492,17.969999313354492,5772700
2023-05-12,17.56999969482422,18.5,17.5049991607666,18.290000915527344,4847000
2023-05-15,18.260000228881836,18.645000457763672,17.420000076293945,17.56999969482422,7047700
2023-05-16,18.15999984741211,18.295000076293945,17.790000915527344,18.030000686645508,3745400
2023-05-17,18.350000381469727,18.719999313354492,18.09000015258789,18.280000686645508,3927100
2023-05-18,19.149999618530273,19.388999938964844,18.3700008392334,18.3700008392334,6875300
2023-05-19,18.75,19.200000762939453,18.530000686645508,19.0,4898300
2023-05-22,19.1200008392334,19.479999542236328,18.68000030517578,18.860000610351562,6255700
2023-05-23,19.020000457763672,19.700000762939453,18.899999618530273,19.0,4242900
2023-05-24,19.8799991607666,19.93000030517578,18.739999771118164,18.799999237060547,7885700
2023-05-25,20.1299991607666,20.940000534057617,19.77899932861328,20.729999542236328,4657500
2023-05-26,20.649999618530273,21.149999618530273,20.18000030517578,20.239999771118164,3769400
2023-05-30,21.1200008392334,21.954999923706055,20.812999725341797,21.520000457763672,7665900
2023-05-31,21.3799991607666,21.450000762939453,20.739999771118164,20.93000030517578,9420800
2023-06-01,20.719999313354492,20.90999984741211,19.899999618530273,20.260000228881836,17541200
2023-06-02,13.4399995803833,14.25,12.859999656677246,13.199999809265137,61486700
2023-06-05,12.770000457763672,13.369999885559082,12.710000038146973,13.329999923706055,16832800
2023-06-06,13.6899995803833,13.904999732971191,12.430000305175781,12.640000343322754,20407900
2023-06-07,13.680000305175781,14.479999542236328,13.621999740600586,13.800000190734863,15822700
2023-06-08,14.920000076293945,15.079999923706055,13.699999809265137,13.710000038146973,16455500
2023-06-09,14.550000190734863,15.25,14.404999732971191,15.09000015258789,9747800
2023-06-12,15.739999771118164,16.09000015258789,15.329999923706055,15.8100004196167,11434900
2023-06-13,15.789999961853027,16.18000030517578,15.619999885559082,15.979999542236328,7803200
2023-06-14,16.100000381469727,16.18000030517578,15.569999694824219,15.760000228881836,8569700
2023-06-15,16.649999618530273,16.760000228881836,15.720000267028809,15.779999732971191,8252300
2023-06-16,16.09000015258789,17.274999618530273,16.010000228881836,17.260000228881836,16471500
2023-06-20,15.270000457763672,16.25,15.229999542236328,15.970000267028809,6877500
2023-06-21,15.109999656677246,15.335000038146973,14.539999961853027,15.09000015258789,7612900
2023-06-22,15.239999771118164,15.630000114440918,14.9399995803833,15.109999656677246,5057000
2023-06-23,15.449999809265137,15.520000457763672,14.720000267028809,15.0,8801400
2023-06-26,14.930000305175781,15.539999961853027,14.84000015258789,15.350000381469727,6113300
2023-06-27,15.569999694824219,15.630000114440918,15.048999786376953,15.149999618530273,5879300
2023-06-28,14.880000114440918,15.609999656677246,14.8149995803833,15.399999618530273,10064200
2023-06-29,14.859999656677246,15.178999900817871,14.680000305175781,14.859999656677246,7047700
